150 1198
49 106
32 54
22 57
14 74
61 82
114 140
75 103
25 82
72 118
55 120
86 90
99 126
21 93
19 143
26 94
74 90
103 107
45 98
48 72
66 142
49 78
144 147
81 146
8 142
60 132
55 80
38 40
103 122
57 133
105 131
22 111
48 130
20 75
57 65
7 68
125 126
5 84
64 146
80 135
1 28
49 58
62 132
98 142
48 67
0 55
6 132
57 81
39 97
89 133
91 108
56 58
14 77
20 32
9 93
29 130
2 47
44 138
118 129
54 138
11 83
6 41
66 137
39 83
78 89
81 139
18 36
95 144
6 67
12 50
4 87
33 147
2 99
17 57
71 138
13 51
29 121
6 101
73 135
97 130
23 126
8 120
96 149
22 88
2 18
71 108
48 107
59 102
10 114
128 144
89 92
34 108
79 83
93 95
112 117
35 58
72 100
39 61
27 73
4 147
3 55
7 134
75 124
87 119
102 116
94 135
104 143
96 110
35 61
41 146
110 148
31 89
53 82
49 82
79 116
37 71
37 97
58 148
18 57
42 125
46 115
61 107
69 91
51 100
16 66
64 76
115 120
29 108
136 145
27 31
23 109
139 140
64 99
37 99
25 138
127 134
90 102
20 54
125 129
9 79
1 58
23 75
65 142
80 98
43 118
99 149
28 143
70 98
94 109
77 89
6 27
102 111
22 30
117 148
9 59
24 125
46 60
36 37
1 77
41 54
88 98
119 145
20 96
27 103
60 143
55 85
53 69
42 128
23 140
33 143
2 69
94 96
14 60
40 99
12 20
10 100
66 73
22 54
55 78
14 38
3 31
60 84
67 115
123 126
45 83
80 89
78 111
26 45
88 149
61 80
3 37
27 32
51 72
103 128
44 75
46 133
2 82
15 84
32 46
7 140
5 39
7 146
118 144
16 33
40 62
54 82
17 44
41 63
13 94
90 91
11 50
26 70
18 43
61 132
46 125
19 115
53 78
1 120
87 114
48 132
29 126
105 141
48 61
87 121
85 109
52 138
8 115
74 113
91 118
35 125
7 92
92 122
47 69
12 105
9 121
71 135
102 142
84 102
73 109
115 146
52 57
49 137
13 99
20 34
71 102
118 122
128 145
45 102
32 37
127 143
9 37
23 45
81 110
30 56
66 135
17 37
7 46
13 87
37 42
81 137
76 123
24 113
47 126
48 100
2 97
31 91
38 130
26 107
18 60
46 110
79 104
58 108
62 141
28 101
43 71
27 129
5 101
6 125
3 13
16 99
4 14
89 140
63 111
114 127
28 148
20 41
50 137
73 120
4 20
22 35
112 134
104 120
91 148
117 128
16 31
68 122
45 121
42 141
16 136
13 80
23 103
29 86
17 149
75 84
38 88
36 56
53 148
38 119
49 80
41 51
13 42
95 142
58 146
27 96
55 94
123 148
4 102
51 102
57 127
21 97
65 112
26 28
66 101
136 147
0 144
24 141
5 129
15 133
42 64
40 132
31 52
5 78
10 69
23 69
47 56
53 149
19 29
94 116
50 101
63 101
11 67
27 45
30 131
72 136
86 111
16 143
84 98
68 149
74 104
102 110
10 137
32 138
36 39
1 67
23 144
144 145
59 83
27 121
31 38
38 53
12 56
17 67
123 145
0 30
5 87
40 101
3 123
67 131
2 135
15 59
12 143
41 148
14 36
75 87
69 109
66 97
21 62
34 86
13 104
48 116
11 120
62 68
27 34
72 122
64 141
15 86
106 134
47 130
76 96
9 34
58 130
34 149
106 140
129 143
103 117
35 80
63 86
11 52
68 130
25 98
70 140
82 149
2 100
46 80
70 131
20 87
76 84
33 121
46 101
36 65
10 109
12 134
65 100
85 105
0 11
55 96
122 139
18 82
62 146
34 81
99 133
0 33
97 117
35 47
90 142
59 91
69 112
28 60
50 113
13 123
48 65
29 33
105 112
36 92
33 38
93 141
1 93
16 147
17 27
50 75
106 124
76 117
64 72
63 105
12 46
49 93
19 100
6 89
119 138
23 122
30 83
22 92
108 137
5 149
67 129
118 125
128 148
43 95
0 56
92 105
10 88
49 51
39 112
4 22
125 131
26 39
50 104
70 111
31 103
31 149
8 55
50 66
31 36
11 34
17 139
42 149
38 94
3 72
1 72
52 124
108 113
120 123
14 142
81 122
94 121
4 96
10 31
63 124
143 144
56 93
20 67
103 131
33 109
90 118
53 98
56 147
62 104
22 73
105 123
0 63
33 71
55 108
24 132
16 114
128 129
19 31
131 140
22 56
53 54
25 83
29 138
31 95
106 110
136 143
76 130
10 60
52 123
49 79
59 128
14 145
2 94
8 141
127 139
47 116
119 136
57 79
57 134
8 106
22 110
79 107
102 115
48 58
72 104
8 112
5 136
52 84
7 99
33 88
55 141
6 135
63 84
58 64
1 23
89 134
52 62
0 44
28 130
11 122
35 137
18 115
68 139
73 114
95 99
34 78
15 80
64 115
63 87
17 133
77 86
57 83
2 72
144 148
117 131
18 39
92 141
75 145
3 92
51 118
35 144
21 113
66 74
20 81
51 149
46 107
6 100
12 15
77 126
31 100
56 117
110 129
108 140
55 98
12 101
1 8
16 96
72 82
30 112
93 111
62 84
44 106
0 35
98 112
25 93
47 54
21 47
36 73
68 133
5 44
92 96
71 120
27 83
24 79
40 41
30 60
1 83
94 144
0 127
11 47
26 77
9 51
134 139
84 142
70 133
4 93
64 85
22 120
20 88
32 142
42 77
40 85
25 41
124 134
17 85
114 125
19 76
29 109
35 102
0 4
106 123
11 146
136 144
15 49
95 104
136 140
44 97
0 58
42 113
37 73
40 129
71 91
40 76
119 125
19 24
43 119
68 140
5 21
45 118
114 146
59 72
74 96
43 146
6 26
92 107
56 138
52 80
21 94
22 25
17 137
18 25
16 41
76 81
2 116
108 115
19 111
9 107
10 148
55 90
63 90
99 106
56 95
48 140
108 117
32 123
89 126
90 116
55 83
110 115
52 130
62 130
65 110
5 141
85 99
77 134
87 142
11 97
12 113
0 138
10 65
16 116
46 134
43 108
32 55
63 97
62 65
74 107
82 98
86 91
127 128
15 85
68 145
67 123
70 134
7 147
119 142
106 118
136 139
60 133
46 124
70 137
3 89
58 122
21 118
93 130
8 149
40 105
123 135
110 122
139 147
49 57
12 139
78 145
25 149
50 62
68 148
14 40
131 145
30 134
0 129
25 48
58 78
39 96
86 120
55 138
56 59
71 97
70 95
71 103
50 145
35 59
6 20
21 36
22 146
80 117
44 139
118 148
22 43
14 116
11 82
105 115
74 124
25 124
86 133
47 53
60 63
38 106
63 82
25 51
76 122
103 110
33 146
52 106
68 144
31 88
14 128
88 112
43 79
26 123
96 119
4 126
126 138
76 78
28 100
35 99
7 90
47 67
3 10
18 78
94 131
36 109
47 107
85 95
91 100
24 34
129 147
28 74
50 136
67 145
71 73
72 101
85 107
34 103
54 130
61 93
21 128
119 129
140 143
128 147
41 42
92 100
26 75
27 75
38 91
12 42
13 59
26 117
39 129
4 101
79 112
105 135
8 96
19 78
117 142
5 111
40 125
24 140
57 98
21 76
95 135
26 57
118 131
5 9
62 122
74 132
72 108
36 114
44 121
54 89
54 133
92 132
25 78
81 89
30 37
64 129
7 29
112 146
67 133
18 23
103 147
10 49
38 116
15 116
7 59
65 80
19 113
50 60
53 132
18 49
24 100
14 27
6 84
111 142
43 59
31 84
29 100
44 60
140 144
91 95
60 127
105 119
126 143
86 141
102 132
34 127
69 111
32 83
92 124
6 128
62 125
18 90
60 85
67 114
19 35
13 105
20 36
47 142
74 105
98 135
4 39
16 133
50 121
76 82
48 73
61 73
77 111
24 69
76 98
119 135
1 69
15 125
7 48
34 145
14 149
33 77
18 40
42 61
84 132
104 133
54 117
17 69
61 127
126 128
5 81
97 135
54 111
52 139
49 63
12 133
65 101
91 129
41 81
46 78
42 43
0 131
69 87
128 136
17 113
21 56
93 113
30 82
63 104
61 104
53 59
1 45
25 88
6 10
49 98
97 104
71 101
61 66
33 39
68 121
45 127
42 131
89 97
8 15
9 135
24 114
6 70
53 86
15 96
64 82
88 113
14 134
48 121
83 121
45 51
1 106
67 90
29 75
65 126
41 90
33 85
43 121
68 70
32 134
17 106
21 65
36 111
57 95
34 107
74 85
7 114
100 126
14 91
76 141
3 18
9 75
10 91
40 47
6 13
64 110
45 94
93 100
35 81
18 139
86 113
48 71
11 77
9 45
124 127
75 113
81 102
45 120
26 88
16 137
17 29
11 35
59 113
16 54
40 51
44 148
140 147
52 115
8 28
41 120
50 67
29 79
8 133
70 147
2 147
63 70
77 127
28 125
51 101
108 135
96 107
136 148
59 112
23 110
43 97
30 127
5 128
77 121
19 101
111 112
64 130
10 66
23 68
39 110
36 124
28 138
9 86
23 34
103 132
22 132
3 121
50 124
11 88
9 56
42 146
40 58
3 78
1 66
32 145
108 111
44 124
45 130
0 15
74 80
3 84
88 122
47 143
15 28
64 70
28 116
20 73
32 127
53 74
4 116
2 132
117 120
29 77
44 84
92 126
12 109
16 104
37 115
52 61
20 38
21 39
4 33
81 86
13 65
19 146
70 114
95 114
24 71
73 85
4 79
52 65
15 127
69 90
2 95
33 44
68 80
119 139
54 75
109 137
26 146
64 93
13 53
98 145
92 110
44 53
131 138
5 95
3 99
83 117
10 106
73 112
62 137
39 142
44 83
24 57
89 109
79 109
24 130
66 121
37 124
94 103
32 66
14 86
105 109
50 141
107 139
41 61
94 137
7 13
81 120
125 135
12 88
91 144
74 120
113 131
123 134
123 143
114 138
26 76
75 80
3 66
51 124
30 78
56 113
19 103
49 87
77 90
46 109
136 137
25 27
58 107
115 118
137 145
51 129
46 87
30 141
70 104
24 137
66 112
58 85
21 79
4 9
28 30
99 141
24 38
52 88
62 119
27 51
124 131
21 41
45 92
23 85
43 116
35 83
28 141
61 89
71 118
68 116
60 104
38 69
82 106
36 93
102 105
15 77
7 32
119 147
107 126
26 87
9 53
143 148
12 38
54 69
1 79
2 119
8 30
13 39
19 108
11 59
1 97
23 114
17 79
64 65
25 122
17 42
32 122
73 149
8 37
2 139
8 74
29 37
87 116
43 87
7 101
37 72
117 138
16 115
43 109
3 132
19 30
34 90
