150 1199
118 148
104 109
114 140
74 106
49 125
51 132
79 105
41 63
15 74
5 57
26 94
69 149
16 47
59 131
113 114
42 62
38 40
13 131
21 119
11 22
26 98
0 17
68 133
40 104
10 97
88 134
12 138
19 65
82 101
110 117
111 123
12 111
18 86
69 106
55 139
44 108
32 77
3 40
59 71
60 79
23 53
29 130
17 20
80 116
15 83
7 22
93 139
14 119
26 89
7 137
74 127
121 131
10 36
7 44
13 89
11 41
117 130
60 131
75 93
79 116
35 41
8 18
45 147
79 115
27 105
33 126
46 104
47 90
43 149
97 130
119 144
108 141
7 91
14 50
48 107
109 144
102 131
30 113
37 122
2 12
49 140
24 33
68 97
69 125
23 50
34 92
1 18
46 145
68 90
15 88
32 58
54 141
5 43
12 90
38 64
111 118
110 113
55 93
59 145
97 109
5 53
63 109
86 135
84 119
82 138
45 100
1 116
52 112
49 82
31 70
14 138
76 78
83 125
5 70
38 60
52 117
15 95
22 83
32 105
85 87
27 132
14 53
113 142
81 95
58 83
96 130
31 138
25 138
26 56
33 67
28 145
61 125
120 144
27 53
100 131
29 148
37 78
45 90
28 54
93 96
50 103
88 142
18 124
33 60
25 79
6 27
39 75
37 87
52 81
99 123
5 62
85 137
9 59
60 145
20 131
36 37
92 138
2 117
60 128
22 112
26 127
77 81
55 85
6 87
63 130
1 103
20 78
7 73
33 98
119 141
59 116
32 79
83 111
56 70
5 140
56 60
40 58
18 93
65 115
4 24
63 73
32 72
13 106
59 64
93 127
56 146
80 127
8 33
7 27
31 46
17 129
36 44
1 70
52 70
17 44
0 100
28 90
117 135
42 60
54 84
71 89
88 126
68 92
28 108
110 135
56 103
98 146
72 129
0 19
51 145
90 132
111 120
4 112
10 111
16 86
67 82
13 18
108 122
0 9
111 133
30 135
109 149
1 52
86 121
89 139
34 83
7 122
4 136
5 6
12 71
59 89
62 97
79 138
3 149
36 77
58 62
7 16
140 147
102 108
71 124
74 139
23 45
82 102
88 95
77 141
34 39
8 14
63 93
19 124
32 148
49 55
34 136
12 44
47 102
23 130
35 149
65 76
61 126
110 136
12 122
13 146
33 139
59 82
22 94
78 107
2 16
50 54
6 125
64 148
9 98
24 134
15 53
96 141
120 122
34 106
99 136
104 129
5 15
11 116
68 99
25 34
86 106
19 20
98 133
49 100
14 124
7 128
16 31
39 76
95 115
1 80
63 90
14 102
110 147
42 46
83 94
82 137
51 64
17 48
109 127
31 64
3 147
18 55
24 30
107 137
48 52
82 92
56 91
19 81
11 28
44 70
54 58
104 105
10 123
21 75
22 75
43 82
110 134
64 89
93 132
117 119
20 48
62 123
50 128
97 107
29 146
53 149
28 48
48 77
68 143
36 104
3 62
93 129
80 142
73 75
4 57
16 143
0 142
41 135
117 146
79 96
16 44
72 89
3 79
13 35
11 115
74 83
3 139
57 128
58 126
65 137
78 117
39 139
46 98
47 80
3 123
68 75
121 146
8 78
65 99
110 130
14 36
71 77
9 118
25 114
80 91
34 86
4 131
5 27
21 145
9 88
120 148
25 86
6 16
39 66
45 107
52 90
100 124
11 94
43 71
69 145
125 131
73 86
76 102
34 42
95 129
28 84
113 118
117 133
0 94
34 143
4 84
62 128
45 134
44 52
0 21
120 135
6 102
66 94
49 62
62 136
120 143
78 102
15 139
32 107
33 83
6 120
30 133
109 147
23 91
21 71
49 89
14 81
61 103
105 110
59 91
69 112
93 147
72 97
81 94
22 145
80 104
8 42
114 122
70 116
65 95
41 139
112 137
64 135
6 45
82 114
35 44
52 79
8 48
37 40
51 89
54 103
34 134
40 77
2 127
42 67
120 129
31 69
14 135
80 114
99 143
55 71
33 114
31 48
4 121
33 137
8 124
28 103
126 135
24 63
55 143
61 134
62 108
9 96
67 129
46 110
21 64
31 137
5 134
25 133
85 92
24 108
20 43
3 21
66 111
122 126
39 112
46 84
34 66
99 144
18 136
88 139
47 144
75 128
24 84
23 36
39 78
70 90
2 92
99 118
31 36
87 88
17 139
91 140
74 76
75 86
20 128
10 53
52 124
85 99
0 106
19 109
113 122
74 91
42 54
14 23
47 111
9 145
1 98
26 149
46 82
48 138
29 104
7 76
40 96
53 98
0 146
66 74
67 104
13 28
55 149
25 142
44 94
14 35
90 144
9 115
29 144
21 51
34 93
60 140
4 134
27 47
43 137
29 138
37 148
37 83
17 21
32 43
76 107
104 118
23 27
81 112
92 134
59 128
95 139
20 108
8 141
114 149
10 145
80 132
44 66
65 82
111 140
8 106
42 119
26 101
1 134
113 148
12 16
111 116
88 124
5 51
30 103
22 64
55 146
78 112
61 114
69 107
17 125
45 79
55 136
32 76
3 41
27 36
30 100
38 118
3 144
59 132
15 80
18 148
55 57
65 135
108 127
24 72
73 84
1 90
65 138
35 138
13 90
80 107
20 107
35 53
18 39
92 141
100 129
12 49
35 144
71 139
72 133
44 54
47 91
73 128
0 134
10 107
16 74
62 142
22 91
45 138
35 97
31 118
121 140
111 129
9 125
121 123
76 145
62 144
60 134
2 15
26 48
8 132
20 46
60 69
15 89
32 57
4 146
81 97
38 67
10 46
16 149
15 71
31 57
48 89
76 119
25 105
63 135
49 83
21 122
95 135
76 77
46 114
38 63
73 137
13 144
51 101
36 140
98 131
20 70
43 107
41 95
37 129
11 146
73 103
120 131
24 138
57 92
48 90
120 126
44 97
41 97
48 100
11 104
3 23
50 133
51 77
23 72
38 96
65 143
28 53
98 108
110 148
25 72
29 143
105 130
92 147
21 94
23 28
69 90
22 115
80 105
29 76
74 84
53 101
59 79
4 98
10 29
47 108
58 115
58 60
31 106
125 147
122 143
42 63
33 99
68 114
23 107
17 96
30 126
56 115
52 140
15 129
24 46
5 116
12 113
47 138
51 54
126 147
65 128
55 141
75 140
35 91
118 149
97 127
48 113
12 79
63 137
29 136
99 127
86 139
61 75
76 101
14 19
119 142
39 95
40 86
2 79
109 116
70 78
28 89
144 146
27 125
24 105
64 129
6 73
68 106
30 67
31 83
20 84
26 99
57 121
40 105
123 135
54 105
91 97
26 132
30 101
13 19
19 64
25 149
0 8
103 130
6 133
10 72
16 107
17 115
45 77
52 56
85 86
4 143
70 95
53 61
1 47
45 103
94 133
118 134
4 149
70 113
34 145
58 100
82 119
4 74
116 140
66 107
11 40
130 136
69 105
25 102
47 127
57 141
85 132
14 128
72 135
58 138
26 123
55 70
52 64
60 115
23 121
26 143
30 108
43 68
7 90
92 112
14 51
76 137
123 134
8 95
44 57
37 121
71 78
7 112
24 34
11 117
27 63
69 124
25 35
73 121
75 144
49 101
18 141
56 68
40 43
45 122
102 117
49 127
59 144
8 88
91 139
24 119
16 52
73 74
92 140
108 118
13 43
29 113
32 128
66 85
75 133
36 142
78 109
57 123
40 125
35 142
59 126
2 143
19 52
44 99
91 125
42 127
68 126
39 109
68 105
1 57
37 41
65 142
78 110
94 119
50 100
88 143
37 77
20 29
24 88
16 142
0 72
67 133
58 102
2 114
9 149
56 123
70 134
24 100
80 129
10 27
58 113
30 94
19 87
47 58
14 61
6 110
45 83
75 97
23 101
30 96
31 114
102 132
80 143
33 91
87 136
126 129
12 115
15 38
39 101
42 110
2 57
41 114
4 130
11 121
3 36
18 116
33 52
38 115
86 89
80 120
66 147
15 87
50 121
58 136
5 38
29 41
44 96
81 116
54 83
10 56
2 77
0 101
78 85
122 133
47 112
74 112
71 142
22 98
48 133
0 20
87 104
11 130
39 141
110 120
2 128
12 133
65 101
41 81
83 86
46 78
0 131
23 88
19 40
93 113
49 136
41 123
63 104
98 124
62 145
105 111
93 148
6 10
73 118
37 88
15 92
50 112
13 124
71 101
9 36
105 106
93 142
36 84
2 68
17 36
9 135
13 86
19 127
117 137
6 70
3 64
105 137
13 48
72 137
39 124
114 134
46 111
40 82
54 102
10 23
67 90
103 142
28 102
35 101
7 84
5 100
18 76
60 107
25 63
58 87
99 100
85 93
41 124
50 116
71 94
27 49
10 91
117 127
47 50
31 148
104 123
32 61
13 117
12 85
27 87
72 77
71 109
67 143
69 101
8 54
82 132
77 123
25 109
6 57
33 35
51 67
84 96
85 139
9 146
31 67
28 71
1 148
38 51
16 69
21 96
53 138
79 99
1 142
67 128
43 97
64 101
120 130
89 148
109 142
32 94
92 103
55 109
56 67
18 97
69 99
66 103
73 96
45 87
37 74
22 61
5 17
11 66
62 66
100 145
69 141
75 118
6 30
21 30
45 113
22 29
11 88
84 121
27 66
92 136
18 117
27 112
17 40
7 53
56 125
19 115
49 85
38 42
51 110
43 61
55 124
19 89
58 132
111 131
111 147
123 130
54 106
126 141
2 29
108 148
77 130
120 141
9 117
21 61
19 37
34 87
108 125
54 146
61 109
3 38
50 146
73 115
28 38
118 131
120 121
61 144
11 81
26 91
39 49
74 113
81 106
130 146
102 127
9 112
50 81
103 121
37 46
20 106
35 50
60 129
15 67
51 119
17 59
39 40
22 96
98 145
76 85
42 69
46 106
84 112
4 115
26 128
64 115
36 132
34 116
85 104
41 87
33 82
5 121
62 106
0 133
60 110
59 95
35 127
43 89
99 132
56 63
98 122
6 147
3 47
50 141
137 147
28 61
88 149
32 56
54 143
11 86
21 131
65 122
38 66
30 63
45 125
116 136
7 43
13 84
24 116
51 124
94 140
95 132
20 95
8 128
68 135
42 108
73 147
16 64
65 124
42 72
50 53
51 129
96 119
42 123
1 2
57 93
17 104
12 148
25 132
18 80
119 122
66 106
65 136
68 131
118 140
29 57
12 87
9 83
81 96
81 100
39 73
4 61
1 85
8 56
7 32
98 144
26 87
41 149
74 77
62 126
38 95
3 75
1 79
2 119
17 53
26 113
25 30
81 92
22 84
114 120
32 122
87 145
118 125
10 102
100 103
126 136
21 72
22 78
55 148
33 70
43 94
49 103
67 140
66 101
126 146
37 72
75 141
