150 1197
88 147
5 31
11 68
3 35
89 96
57 61
79 131
21 28
86 90
2 84
90 144
7 25
64 105
63 84
17 131
135 147
31 122
48 72
49 78
7 55
31 74
44 146
20 109
5 74
38 40
43 63
58 125
22 111
38 149
7 68
42 88
99 127
3 124
12 138
42 98
87 132
60 81
17 124
110 128
86 123
4 142
27 39
82 92
43 120
94 132
97 107
19 148
70 112
81 149
33 34
81 98
6 41
88 93
10 36
75 83
11 41
60 131
71 87
47 124
53 73
31 89
37 54
72 134
9 19
51 148
41 72
66 93
8 120
12 129
78 101
97 99
117 142
12 102
109 144
16 97
8 94
31 141
25 129
91 101
14 84
6 145
30 146
9 70
51 74
25 92
99 105
53 142
99 107
47 73
68 134
20 21
62 84
77 100
57 63
23 40
42 85
96 121
59 131
42 143
8 51
64 112
14 96
76 112
79 121
75 82
82 139
80 143
1 116
98 140
85 142
45 140
37 63
20 89
26 116
95 144
24 28
123 146
54 122
10 19
51 114
94 136
65 114
78 108
26 30
1 137
46 85
11 149
123 136
109 137
69 92
0 114
126 135
45 64
19 53
99 143
0 59
33 67
5 10
61 125
30 149
50 130
54 143
3 129
96 147
109 149
100 109
14 65
91 145
62 95
18 124
27 111
103 139
102 142
67 130
9 59
60 145
82 130
10 48
49 75
41 54
13 37
8 137
29 46
110 129
79 106
33 135
57 130
58 112
128 145
22 106
0 28
1 130
46 92
18 67
1 25
51 143
22 76
43 73
44 89
14 38
91 138
36 114
87 108
43 53
26 45
41 115
97 126
5 29
29 48
12 72
59 64
33 53
29 135
39 64
66 146
94 119
66 118
19 145
67 139
77 140
20 138
36 44
10 59
41 63
31 52
78 134
27 124
60 134
70 92
1 120
39 47
102 127
110 125
7 70
123 134
61 112
21 95
49 107
32 105
42 96
76 136
18 84
81 89
61 102
31 134
89 139
94 96
86 95
65 149
61 105
100 132
86 140
72 127
88 122
71 124
94 138
97 105
5 32
47 101
41 133
38 79
47 80
20 118
26 65
100 133
100 137
48 107
1 113
52 107
30 75
79 125
83 118
80 148
54 97
40 101
62 141
65 127
27 129
78 131
3 13
18 79
60 106
68 106
58 106
22 48
42 117
68 99
69 123
115 129
15 90
61 92
16 31
125 129
103 140
4 50
34 62
8 53
9 137
5 51
79 92
26 72
9 48
60 148
78 136
135 145
122 144
8 27
0 104
104 139
29 112
48 122
77 86
5 68
19 113
123 148
62 108
22 81
82 87
65 140
34 125
89 122
6 116
0 144
10 123
66 95
99 103
65 106
87 123
2 5
35 113
7 104
75 114
46 61
40 132
3 24
50 128
102 146
72 109
46 69
31 146
48 77
100 111
128 148
28 137
12 83
68 118
23 35
2 89
15 73
14 105
34 58
17 142
24 127
25 119
81 114
17 41
0 111
41 45
37 38
131 135
39 103
88 121
57 128
26 103
6 111
12 22
110 118
96 146
87 112
34 124
35 118
0 52
33 90
14 36
20 63
0 43
23 66
8 84
36 122
55 142
76 138
35 92
55 114
72 86
118 146
40 100
100 112
0 64
55 63
35 45
24 70
95 138
4 78
59 135
37 47
35 51
42 58
3 90
4 84
57 137
17 68
39 41
13 54
70 131
98 110
73 130
4 114
62 136
13 16
2 23
0 132
21 71
89 137
26 50
32 65
46 49
61 103
3 44
27 59
74 145
31 41
6 11
39 123
45 147
43 124
15 95
118 133
7 133
62 125
39 81
22 139
50 75
13 85
29 91
83 109
27 119
24 115
51 125
90 108
65 120
14 135
31 80
38 57
71 132
83 131
77 83
17 87
22 92
29 111
108 137
14 54
3 15
66 115
8 66
108 130
5 134
44 144
7 109
42 115
40 128
6 149
9 74
32 73
23 78
30 111
48 120
70 111
9 44
30 33
15 66
59 149
14 100
26 86
77 122
110 115
108 113
50 92
64 117
117 119
46 119
38 48
13 139
20 67
7 76
83 103
37 140
16 92
67 104
86 137
5 143
111 133
89 98
11 111
44 88
51 52
38 101
123 125
23 84
34 93
131 140
32 47
5 16
9 85
25 83
29 138
39 71
19 144
131 146
97 112
19 140
128 141
117 144
56 134
6 49
72 132
54 95
10 60
55 94
51 56
11 49
107 109
14 30
52 97
17 65
39 50
22 110
19 88
79 107
46 96
40 103
12 16
76 113
110 116
2 133
17 91
62 135
43 77
15 140
46 74
29 104
59 110
60 80
27 60
45 79
34 84
49 148
28 130
3 41
25 84
37 92
43 121
49 110
32 34
14 118
72 81
48 113
56 91
119 133
82 121
42 135
116 130
49 64
78 88
60 77
25 96
75 145
82 147
36 54
51 118
2 98
85 134
56 107
110 137
0 23
83 117
61 145
69 74
8 119
64 116
107 137
103 129
24 58
12 101
0 134
55 149
8 93
72 143
80 126
34 111
91 146
53 56
25 93
47 54
21 47
80 106
93 104
13 121
47 132
27 83
16 28
38 67
30 60
4 55
31 93
52 73
73 118
61 121
68 125
76 119
18 30
16 50
82 138
135 148
71 103
108 116
13 45
20 88
9 21
128 130
6 95
13 144
49 53
30 81
44 75
55 75
40 123
68 130
36 143
39 95
12 149
36 106
94 111
32 90
75 143
100 143
82 114
80 97
102 123
26 37
76 114
97 102
23 98
21 139
95 112
23 38
4 62
16 140
99 120
9 141
98 102
71 76
40 126
40 54
82 133
135 141
2 116
17 52
50 90
113 120
10 148
57 99
51 106
8 101
22 85
28 120
42 63
42 94
55 112
6 104
73 148
80 134
1 26
38 127
126 137
15 129
7 100
90 103
87 142
61 63
53 58
18 92
1 60
57 79
126 147
73 101
128 131
55 141
75 140
22 62
28 133
69 87
69 138
39 65
56 145
46 132
15 85
117 126
19 142
29 43
122 141
20 137
30 48
54 93
65 77
34 47
109 116
81 145
81 143
24 105
46 124
63 133
8 108
26 99
77 115
8 149
7 71
5 83
39 147
69 79
2 131
64 127
49 74
19 64
15 142
32 104
33 94
113 144
11 102
78 138
66 125
82 126
36 115
37 112
53 105
13 100
62 78
61 106
12 70
76 118
38 116
85 127
2 44
44 139
99 147
11 82
71 125
73 90
52 76
13 88
28 80
53 130
40 124
89 120
6 64
145 148
81 121
21 127
14 128
58 138
9 18
83 114
6 90
85 108
1 20
52 144
25 76
69 142
31 102
23 109
50 57
83 93
55 124
62 105
24 133
116 126
44 57
19 47
32 69
33 73
67 70
61 99
12 125
18 104
38 111
4 43
28 56
94 140
88 136
70 104
113 117
75 127
39 77
45 122
32 91
52 75
0 113
29 87
35 60
24 119
20 133
46 63
54 65
15 111
36 102
8 131
36 84
80 138
4 101
98 129
32 102
33 104
87 149
11 148
53 101
60 96
57 98
15 51
21 76
34 100
42 127
47 133
78 146
68 105
4 18
35 84
88 143
53 61
70 99
3 63
68 119
69 143
25 78
6 24
28 45
99 122
13 74
66 69
81 132
76 104
118 147
40 56
75 94
1 76
35 128
7 59
45 132
14 146
98 109
42 50
80 129
103 108
10 27
123 131
15 18
21 107
11 18
58 134
91 92
42 92
46 93
11 141
53 110
109 129
10 101
58 91
86 116
5 139
34 127
75 116
43 149
87 136
58 85
3 30
18 90
1 50
71 97
126 145
19 35
34 89
107 111
0 41
61 68
33 52
25 87
73 77
95 102
43 123
102 103
7 26
13 67
14 115
83 85
37 117
99 141
40 63
39 89
66 141
15 125
94 114
24 107
58 65
3 91
88 127
113 129
96 149
29 31
73 132
3 20
53 119
4 113
110 120
16 87
59 83
30 107
27 65
15 136
60 67
47 68
71 75
59 98
24 128
17 113
36 96
2 48
13 98
11 126
3 45
68 101
1 45
25 88
21 34
36 78
43 125
0 70
70 119
71 127
4 52
51 84
17 36
94 112
81 136
110 146
16 63
100 141
12 45
88 140
49 94
64 82
56 122
20 93
58 136
9 16
1 147
121 133
53 112
61 89
33 138
57 117
67 90
103 142
22 95
86 107
2 17
85 115
37 132
40 120
12 97
69 80
116 120
17 106
74 99
5 135
44 102
41 124
98 119
70 84
12 127
27 49
80 101
72 103
73 127
45 94
44 124
18 139
22 32
93 121
72 77
82 108
95 114
42 138
15 67
70 107
87 102
29 85
117 136
74 140
10 143
16 54
57 121
117 137
66 97
43 46
17 55
26 115
24 31
47 108
38 58
86 100
60 89
29 105
35 106
47 74
97 129
21 74
100 138
5 128
33 64
66 90
117 118
3 27
27 54
1 63
29 145
21 52
19 28
131 141
24 90
16 23
21 30
45 113
78 106
17 22
131 147
126 146
11 88
77 116
74 118
147 148
4 64
52 122
69 119
31 72
121 126
10 144
55 86
56 129
13 133
83 142
52 96
28 116
36 146
123 130
97 139
110 119
2 132
37 105
2 29
44 84
32 85
37 144
20 56
66 134
9 117
10 77
23 93
3 139
128 135
56 108
44 114
7 126
50 118
11 123
71 106
80 142
1 42
43 143
55 105
4 33
44 136
28 132
86 115
17 134
27 91
24 71
81 106
5 149
66 139
35 139
109 112
19 120
11 55
35 50
18 38
24 109
57 124
97 121
43 50
67 69
71 136
38 145
26 111
33 120
80 144
39 143
4 115
1 23
23 124
49 119
21 92
76 139
28 105
2 20
85 104
79 95
122 142
79 98
57 84
58 74
30 115
37 124
91 141
49 144
41 65
6 147
59 90
86 120
23 48
21 32
95 105
34 72
32 56
13 122
62 86
33 37
16 27
30 63
22 136
66 130
35 59
9 12
10 130
16 49
40 78
62 147
52 115
8 23
96 142
32 141
33 136
79 141
69 91
108 136
51 129
6 112
62 109
8 67
37 101
2 9
59 103
91 120
6 138
12 121
9 73
10 89
126 134
0 48
26 36
18 137
54 134
48 121
11 79
117 140
18 126
69 130
93 133
82 106
56 105
2 93
15 77
128 144
14 101
81 135
41 149
10 141
25 115
82 132
4 91
7 62
22 114
113 121
74 128
14 20
57 72
25 28
26 146
50 71
67 113
35 108
7 79
46 104
87 145
6 107
110 114
117 125
56 68
19 56
34 96
93 122
7 101
46 64
59 104
51 55
25 40
58 70
39 104
86 96
67 98
