50 224
1 34
6 9
7 12
6 28
1 17
40 41
12 31
35 41
2 5
1 11
24 42
32 46
6 7
37 48
5 34
6 10
4 46
45 48
10 18
32 38
16 29
5 47
29 34
11 27
33 39
32 41
6 44
34 36
15 49
17 41
24 39
12 45
19 39
18 46
10 24
21 37
28 32
27 40
0 30
22 42
0 33
22 25
13 23
10 36
4 15
5 14
6 13
21 43
9 19
6 16
24 48
28 37
1 21
22 23
30 32
10 42
6 42
13 26
14 33
36 45
0 36
21 49
3 17
26 44
6 14
21 46
8 45
4 37
7 24
31 47
17 24
23 40
9 44
11 46
12 41
18 42
8 25
14 28
20 44
38 42
6 11
14 17
2 43
8 42
8 49
1 19
6 45
14 31
0 8
7 40
14 40
12 35
2 7
24 40
13 34
24 29
5 7
4 17
2 33
1 47
24 25
6 20
5 20
11 20
9 21
7 17
6 27
12 49
3 49
16 39
22 30
36 42
1 3
2 8
18 37
13 37
20 30
10 15
18 48
0 43
11 14
10 26
22 33
27 45
11 19
1 20
7 20
10 43
1 25
0 15
16 36
16 45
8 10
14 38
19 47
8 29
21 48
38 48
29 48
28 46
28 43
9 47
37 44
26 35
6 33
21 23
12 15
23 29
0 12
13 28
31 35
26 27
3 26
2 14
4 29
3 47
9 27
15 24
39 47
5 16
3 32
8 43
20 41
32 43
2 25
0 9
23 32
2 4
9 35
10 11
4 18
9 22
6 21
5 19
16 21
38 44
0 3
26 34
22 31
25 49
1 2
32 49
23 30
2 9
15 35
5 12
29 31
3 41
27 36
26 36
15 18
22 38
28 39
7 23
33 35
16 37
2 31
1 13
7 45
4 14
3 30
2 10
4 25
19 35
21 44
11 12
25 28
21 25
4 39
9 46
21 22
2 21
1 27
17 30
16 34
13 27
3 8
18 29
15 40
24 38
18 40
8 27
24 32
4 30
