50 221
1 34
15 27
6 28
35 40
17 20
16 28
2 22
0 10
16 47
13 30
3 7
1 11
5 8
20 48
10 47
18 45
38 40
20 35
13 49
6 10
5 18
4 46
28 35
0 45
28 46
9 36
0 4
32 41
34 36
7 41
9 14
17 41
18 46
8 21
14 24
5 24
10 24
1 40
33 36
16 19
36 48
7 35
1 12
23 28
4 15
2 11
20 42
1 38
0 42
14 21
21 43
11 15
2 37
30 38
4 32
30 32
10 42
17 23
7 38
11 35
8 28
24 33
21 49
4 31
19 33
9 25
14 22
34 46
0 21
15 23
5 43
12 13
0 24
2 23
16 32
17 45
14 34
15 25
39 44
21 33
4 47
27 44
0 18
16 23
9 43
33 38
31 34
13 19
29 46
27 31
0 8
10 29
3 5
15 45
4 6
18 22
28 48
2 33
9 23
5 20
2 44
43 48
28 44
13 22
1 3
17 38
12 32
18 27
13 37
19 37
25 34
14 26
10 26
9 18
7 11
6 17
20 30
9 44
12 20
39 49
17 28
31 36
1 14
3 31
2 13
0 37
4 24
19 32
0 40
6 15
10 31
15 22
8 33
5 39
4 49
35 43
7 36
30 49
3 9
2 3
14 35
26 27
8 26
14 29
12 46
3 47
44 47
1 35
15 24
5 16
4 40
3 32
27 47
22 47
5 45
9 42
17 21
12 30
10 33
6 49
23 25
3 4
15 44
11 49
10 11
5 6
29 35
5 19
45 49
16 21
9 37
1 29
7 29
2 26
34 39
8 14
23 30
32 40
17 42
24 38
18 29
25 39
14 27
0 25
3 41
9 17
6 22
5 22
4 34
27 41
8 37
23 39
31 42
27 43
12 21
1 24
6 40
1 13
12 38
35 48
26 42
8 17
20 36
11 12
6 19
21 25
9 46
7 26
31 41
29 41
17 30
7 39
13 27
36 45
26 43
9 48
0 48
12 43
2 15
15 37
19 30
