50 222
0 24
20 25
2 41
7 12
23 40
21 28
4 36
7 25
12 31
21 47
18 19
2 5
5 8
19 40
2 48
6 7
20 35
4 19
44 45
14 18
5 18
20 30
0 34
25 26
7 28
22 28
30 41
16 44
5 11
4 5
5 24
4 16
10 24
9 16
39 48
4 35
11 21
10 23
7 22
22 42
30 39
0 1
27 48
11 36
34 41
16 41
19 49
29 44
5 14
19 34
1 38
6 13
3 39
27 34
6 16
25 42
19 22
2 18
9 34
16 35
31 37
15 43
14 33
15 36
20 47
1 33
15 26
47 49
27 33
6 29
28 42
8 32
7 24
6 32
13 16
12 24
0 11
7 37
13 29
1 10
9 30
15 46
0 33
13 44
3 44
9 20
15 25
5 17
45 47
7 18
11 26
9 43
35 39
18 21
0 8
23 24
4 11
3 5
18 32
25 48
38 39
12 46
0 46
38 42
4 17
19 27
9 23
6 20
28 33
10 20
7 17
3 15
18 22
16 42
14 37
32 44
4 27
19 37
10 15
30 31
20 38
11 14
6 17
27 45
1 20
31 43
2 19
17 28
6 43
13 25
3 10
8 10
23 49
14 38
4 13
3 31
2 13
18 38
22 33
38 45
38 48
4 43
11 13
2 39
6 18
0 12
7 36
16 25
13 28
11 33
34 44
35 49
8 26
32 36
20 45
9 27
5 16
2 40
0 19
15 21
11 29
33 37
23 46
29 45
35 38
16 46
23 25
22 40
15 44
19 41
13 46
37 49
21 35
4 45
11 23
27 42
8 40
16 21
6 24
30 37
3 48
1 29
0 3
26 34
1 2
11 43
43 47
15 35
44 49
1 36
4 23
19 25
10 27
26 36
5 22
11 18
8 37
40 47
25 41
36 40
2 31
1 13
17 32
24 48
14 39
12 38
3 30
12 49
19 35
9 31
8 17
14 20
7 9
26 27
8 34
32 47
29 41
17 30
26 43
42 46
3 29
18 40
