80 507
26 47
14 74
20 25
33 55
39 70
34 52
31 44
61 76
35 41
23 26
54 55
2 78
38 40
12 59
44 56
32 57
55 78
5 72
2 27
13 29
2 53
0 45
53 62
6 23
2 47
7 22
29 37
9 39
38 73
4 73
8 12
61 63
53 73
43 52
8 18
30 69
11 15
1 63
42 67
23 68
44 77
50 56
58 72
2 12
35 70
32 68
3 17
1 33
6 14
52 68
7 15
5 43
29 62
3 55
33 59
6 32
4 48
47 52
35 61
18 31
40 48
54 64
44 46
10 19
16 66
19 79
0 5
16 23
26 56
28 54
25 79
23 31
40 55
17 43
64 67
11 19
0 28
12 20
49 53
13 25
46 70
10 78
23 64
58 68
27 32
61 74
36 44
51 76
18 43
14 29
43 49
30 64
43 76
1 18
56 77
3 4
25 55
4 7
55 58
22 54
46 51
12 71
9 67
6 21
34 77
5 32
9 37
18 28
18 34
30 75
65 69
28 79
38 59
10 22
19 72
27 64
44 79
24 61
32 77
19 46
2 10
20 41
27 62
28 57
7 9
3 57
16 31
40 44
30 35
34 62
17 30
6 56
5 68
15 20
64 78
11 28
12 31
15 50
21 75
19 55
0 67
23 69
4 19
32 51
2 14
16 22
30 42
0 73
5 60
29 47
12 34
4 71
1 67
13 35
18 46
5 77
15 29
7 75
55 77
19 60
46 68
2 54
26 43
27 34
60 76
8 35
35 45
49 66
31 54
11 52
35 51
40 70
15 26
42 68
0 11
14 47
3 6
58 77
62 79
23 49
6 11
21 33
4 47
48 65
16 26
2 69
8 48
9 13
17 28
45 50
14 54
21 64
0 56
46 65
28 59
7 11
5 23
39 78
15 66
7 33
31 36
27 76
8 29
13 40
37 59
14 23
15 22
39 53
11 30
39 67
41 66
21 73
22 73
19 57
20 50
3 26
10 67
25 41
14 69
3 32
39 71
29 45
35 38
24 65
16 46
7 52
13 33
17 65
64 71
13 59
20 74
2 26
1 55
45 79
32 76
22 51
12 68
23 58
40 50
29 38
4 72
52 66
17 32
50 78
18 39
43 53
44 54
0 23
48 49
16 74
49 60
34 37
24 58
15 40
19 45
20 46
27 61
6 9
23 24
7 12
48 67
72 74
30 60
6 69
3 69
8 24
44 45
9 21
14 18
38 63
17 74
19 76
47 78
8 68
45 65
5 11
37 78
59 72
4 62
8 57
41 45
31 38
5 16
18 25
1 78
62 72
9 30
12 27
46 78
48 66
24 46
14 33
25 47
58 71
12 79
34 53
7 24
5 56
9 61
10 58
5 73
0 18
75 79
2 50
22 49
5 7
3 43
59 70
29 36
3 49
59 60
24 74
36 42
60 63
2 70
7 47
11 40
16 61
10 15
37 53
44 48
38 58
1 20
16 76
3 10
24 34
37 49
60 71
25 35
6 15
4 43
22 34
5 42
11 75
38 65
21 23
15 31
7 36
9 49
1 75
30 77
37 62
76 79
38 61
64 77
1 7
21 76
64 74
24 41
5 9
25 36
36 39
19 27
29 54
59 74
51 73
16 21
6 24
4 56
8 59
11 38
35 37
18 23
51 70
41 53
13 36
37 39
42 50
14 27
12 63
10 27
67 70
43 72
15 38
21 63
30 44
35 42
40 63
30 54
1 69
18 40
12 54
42 71
55 75
1 17
24 55
14 46
1 11
56 57
0 32
9 66
4 46
8 41
48 64
17 36
7 41
9 14
3 64
13 48
44 50
9 16
0 1
68 70
39 47
35 75
6 13
4 21
55 57
40 45
4 51
10 42
17 29
31 37
5 50
18 26
6 57
10 52
8 28
29 79
9 25
24 31
63 71
38 51
63 70
39 58
22 72
14 34
49 64
10 66
25 42
2 60
26 33
11 66
23 34
8 61
13 72
16 45
6 48
49 72
41 59
18 47
14 25
13 60
25 51
4 27
32 75
8 36
0 65
6 43
36 47
8 10
41 60
29 65
40 71
54 75
8 16
45 56
49 61
13 15
2 20
50 58
14 44
20 76
25 52
27 77
35 68
22 53
12 66
1 35
21 32
40 51
3 53
33 37
6 34
10 33
31 62
51 67
16 49
28 74
17 55
24 26
39 63
11 57
26 58
24 38
29 31
3 20
57 71
28 52
42 73
59 73
17 19
41 46
22 24
9 53
7 62
28 65
15 17
11 17
41 65
18 69
69 71
19 56
0 48
15 37
4 30
27 75
