80 496
5 31
3 35
33 55
15 74
32 44
6 54
30 51
52 68
17 46
37 76
12 78
5 74
6 72
11 22
44 56
19 65
0 55
1 54
25 49
58 65
21 59
2 53
27 39
34 79
22 42
7 44
28 77
42 67
55 71
49 51
44 77
0 36
9 70
28 63
8 45
5 43
33 59
16 29
6 32
52 74
35 61
27 72
16 51
12 41
17 50
31 70
44 46
5 70
39 57
17 51
0 5
25 76
8 69
38 40
35 79
24 40
46 63
3 22
1 58
57 69
21 55
25 79
8 58
22 30
13 37
9 29
14 26
53 69
10 26
39 54
65 75
0 28
1 25
2 30
58 68
4 24
5 29
3 37
59 64
33 53
23 62
73 78
54 56
28 43
30 49
4 76
10 59
41 63
6 78
55 72
45 59
1 18
0 9
24 54
51 62
25 55
58 79
4 7
52 57
0 47
20 34
36 77
22 40
10 75
6 47
49 69
7 46
9 15
6 65
45 52
9 58
3 13
18 79
3 19
1 39
19 20
34 68
5 41
29 60
11 25
51 70
23 42
6 38
42 46
36 56
43 47
31 64
40 75
9 26
15 50
13 30
0 61
33 65
1 56
6 7
52 53
14 71
20 30
6 25
21 31
31 35
8 57
51 73
17 41
14 24
13 61
19 60
24 49
14 36
10 76
4 26
26 43
32 74
22 61
14 78
12 74
4 32
34 48
13 66
61 72
2 16
10 57
8 9
37 47
53 76
15 26
44 52
56 79
50 61
24 56
3 6
35 69
46 49
6 11
36 79
2 43
8 42
0 71
24 77
16 26
38 77
30 62
8 48
11 45
35 56
18 32
16 48
40 77
17 61
13 78
20 68
24 63
2 8
60 64
20 43
27 48
1 37
21 42
2 34
39 78
22 27
9 54
42 44
12 37
54 68
14 23
15 22
48 70
14 57
8 73
14 35
20 50
51 52
25 41
28 50
26 46
22 56
52 65
12 77
55 60
0 75
29 45
75 79
1 65
17 65
45 76
13 59
20 74
66 69
13 21
1 55
27 60
0 44
27 36
21 38
7 23
9 32
49 64
26 66
8 17
39 43
37 55
11 12
55 68
12 15
19 71
46 77
21 69
32 67
24 32
12 67
9 71
2 41
8 44
7 12
3 52
38 64
10 46
11 47
8 24
30 79
44 45
14 18
49 53
11 27
0 4
8 68
33 76
70 75
3 23
37 78
34 64
26 37
29 56
3 61
57 62
30 39
4 62
15 76
7 35
13 76
6 60
10 51
7 57
28 66
11 58
43 57
15 16
8 25
14 63
68 72
15 62
22 75
4 31
11 71
33 54
21 27
13 69
24 67
1 71
31 53
61 77
5 73
17 71
30 67
48 60
1 19
66 67
4 6
32 78
56 59
12 64
62 72
59 70
28 33
32 36
48 78
29 36
9 38
6 46
31 50
54 78
30 74
44 48
1 20
49 50
2 19
24 60
25 57
45 70
32 69
46 53
57 67
19 21
7 14
22 34
9 47
40 43
2 65
67 75
23 44
11 33
16 52
54 65
31 65
47 72
27 30
0 60
5 7
21 54
19 26
30 37
7 29
49 73
27 64
50 51
4 70
10 49
7 59
11 60
9 28
42 50
14 27
15 18
66 70
2 31
23 33
46 71
26 42
14 73
39 67
31 41
5 38
35 42
16 34
40 63
30 54
6 79
49 63
0 10
47 68
3 7
1 11
52 58
22 55
3 45
21 34
34 74
61 66
3 51
16 25
4 52
8 15
7 41
9 14
13 48
18 61
19 75
18 76
0 39
3 18
25 33
28 58
34 69
26 38
22 32
5 40
33 56
10 42
17 29
26 73
16 54
3 73
1 73
13 41
20 66
0 24
33 64
7 18
4 28
22 59
5 17
62 66
3 25
23 34
39 68
28 47
15 72
13 72
40 58
10 63
11 62
38 42
20 73
48 57
45 63
1 30
22 67
2 29
14 37
4 27
20 38
12 75
23 59
4 33
7 20
31 43
5 36
36 47
10 38
2 75
17 33
16 73
13 15
50 58
14 44
0 34
12 66
1 35
23 48
21 32
4 40
5 45
62 70
38 47
10 52
10 11
8 23
55 66
64 74
11 24
44 74
50 53
3 20
9 73
2 35
26 36
27 41
23 39
40 47
63 71
9 53
23 29
29 77
18 50
42 55
10 28
15 17
11 17
15 63
21 72
13 27
19 56
10 64
19 30
2 58
