80 490
22 57
11 68
62 64
30 41
34 52
0 76
18 19
33 41
23 26
6 54
30 51
20 25
49 78
14 31
6 72
11 22
56 66
9 65
24 52
51 60
22 48
20 32
3 40
33 36
4 35
24 73
52 67
37 44
26 67
8 18
11 15
9 19
17 25
1 21
16 47
2 18
17 23
3 11
19 44
46 52
3 17
6 14
27 73
48 68
23 40
6 32
17 24
50 70
9 50
54 64
43 45
8 25
30 76
76 78
64 76
44 68
0 5
27 31
4 11
48 65
20 54
1 58
4 17
28 54
2 33
14 65
57 72
33 60
25 79
30 36
74 75
6 61
1 77
13 37
42 53
43 56
20 78
0 28
13 25
0 50
14 38
20 61
3 31
25 46
15 39
4 24
2 56
26 45
20 27
33 53
73 78
4 38
34 50
8 33
55 61
61 74
27 70
16 33
10 59
17 44
31 52
12 53
43 49
44 58
41 72
45 59
69 78
25 55
58 79
2 51
60 73
32 37
48 79
9 37
24 75
38 79
36 43
49 69
35 54
6 65
46 67
13 49
44 49
9 17
48 52
38 59
2 16
50 54
1 13
21 66
56 58
35 72
0 38
19 20
5 41
9 46
33 57
25 68
21 22
8 53
35 63
43 47
40 75
24 30
12 31
18 70
22 75
16 19
20 48
37 75
32 51
45 67
16 22
34 57
8 60
7 28
12 34
41 52
11 63
55 65
1 31
15 59
13 23
14 36
1 49
15 33
2 54
26 43
0 42
14 78
62 68
4 32
0 64
5 37
35 45
33 45
10 57
29 66
18 41
16 57
36 52
41 78
55 74
1 16
2 23
24 56
21 71
0 65
20 44
5 64
28 60
5 46
61 65
38 77
30 62
7 40
44 51
9 23
42 79
3 15
18 77
4 8
19 48
5 13
20 43
3 21
27 48
1 37
26 39
34 73
53 57
23 36
50 66
12 37
38 48
25 29
15 22
14 57
8 73
56 67
2 3
14 35
52 55
23 42
62 67
27 47
33 48
17 21
13 71
41 58
11 49
12 16
56 74
19 62
19 36
2 52
5 25
12 68
6 22
47 49
38 72
10 39
34 40
29 64
26 66
7 66
1 22
16 74
14 45
47 65
0 35
24 32
23 51
2 41
8 44
24 79
6 35
30 60
8 50
7 42
5 54
9 51
8 24
30 79
28 75
42 77
14 18
25 26
20 70
12 28
27 28
24 39
5 11
42 76
33 34
47 63
5 21
23 38
4 62
18 25
6 60
10 51
31 76
68 76
14 21
34 72
39 55
7 78
8 75
13 26
3 28
58 71
4 31
22 62
5 30
36 69
7 24
13 69
29 43
27 71
63 77
40 61
10 58
34 47
7 54
53 79
48 60
12 18
13 19
55 73
14 40
51 63
0 46
59 70
27 56
21 36
8 39
22 43
55 59
2 70
8 13
61 62
26 64
16 61
40 74
10 15
43 68
15 42
45 70
27 63
21 45
34 71
22 34
15 73
17 31
27 75
44 47
5 69
16 67
39 56
0 6
4 18
28 55
29 54
33 51
34 56
50 53
23 30
51 70
41 53
40 76
18 49
10 27
43 59
65 74
7 72
8 77
13 24
23 33
10 79
21 63
14 73
12 73
27 35
5 38
4 77
41 62
11 53
55 64
38 47
12 54
42 71
1 17
49 63
22 68
14 46
9 66
6 10
7 19
38 76
30 57
4 52
10 35
8 15
31 60
8 78
13 48
14 15
16 78
0 1
3 12
68 70
2 11
0 39
19 23
34 69
32 61
48 71
29 59
3 56
5 50
9 55
15 77
36 57
58 66
63 71
10 30
15 23
44 71
22 72
20 49
3 27
32 74
25 42
22 59
5 17
30 43
29 46
23 24
4 64
29 72
6 74
65 72
11 20
55 76
66 68
15 58
43 74
46 69
58 67
19 37
2 55
32 75
46 47
62 69
4 33
7 20
6 43
36 47
35 50
18 38
39 40
13 53
7 67
13 15
2 20
0 12
1 9
9 69
3 47
2 40
29 32
17 26
7 43
11 44
3 66
36 60
16 45
18 59
24 26
16 64
39 63
0 3
14 55
19 51
35 77
24 38
5 12
27 51
19 25
34 67
7 10
22 38
6 37
4 61
17 19
31 39
9 53
3 75
1 79
13 39
29 77
18 50
10 28
41 65
69 71
15 63
3 29
1 61
23 70
