200 1599
93 158
28 162
54 92
28 104
11 171
52 98
56 101
150 169
133 175
125 186
35 123
1 191
65 154
84 95
18 112
1 40
183 192
47 143
67 142
36 41
57 164
119 162
123 167
52 105
108 126
19 96
132 193
16 196
162 191
0 14
14 173
140 144
51 160
70 81
71 93
38 110
5 164
47 148
12 90
4 185
7 156
10 128
58 148
5 70
79 195
66 84
157 192
26 179
134 177
1 58
168 192
118 147
28 143
94 152
16 163
126 194
37 56
41 189
10 26
37 137
39 149
90 159
168 199
12 72
68 125
33 166
63 139
30 64
134 162
33 93
39 99
34 180
126 149
62 141
89 113
145 199
7 115
30 144
33 199
17 30
43 180
6 56
157 164
159 161
55 94
111 173
120 155
140 179
70 180
53 100
96 132
43 82
28 147
16 112
19 29
93 126
95 197
104 122
119 148
35 189
36 194
58 179
23 25
6 51
14 147
72 182
90 115
73 153
93 198
26 102
101 134
47 190
16 119
73 106
41 113
176 178
30 45
86 94
34 48
10 57
107 129
18 41
88 139
95 186
99 191
55 135
75 134
6 146
64 181
13 196
54 142
3 50
132 153
81 108
13 85
39 175
170 189
100 141
102 153
47 61
19 161
21 141
49 124
140 192
125 179
181 193
23 57
167 192
79 98
52 128
37 111
100 180
102 144
29 144
21 150
39 93
4 65
23 146
7 52
48 171
87 177
54 113
33 74
44 63
83 108
42 101
102 139
13 133
91 109
54 147
138 150
85 178
13 64
116 130
67 149
96 190
124 177
17 92
56 81
75 162
62 107
29 62
66 118
30 112
35 71
1 171
114 129
46 144
49 103
50 111
70 106
109 197
38 67
44 158
36 61
56 88
80 174
27 28
137 185
112 164
46 155
27 72
68 140
71 113
4 62
29 82
73 168
1 78
57 153
59 141
17 78
20 77
61 157
87 119
34 97
15 129
91 112
59 107
8 81
5 177
116 159
118 143
63 79
80 137
2 79
5 194
117 184
121 189
77 165
5 83
82 176
23 27
34 120
162 165
96 172
60 82
45 77
22 146
5 186
8 39
104 123
12 92
1 88
26 64
71 133
61 175
157 198
59 121
116 126
47 116
32 69
55 153
25 170
29 61
72 75
10 129
12 42
13 180
52 113
35 155
38 132
24 29
31 111
107 182
108 133
62 153
66 196
49 132
150 168
14 92
19 127
115 135
68 119
55 172
79 90
12 33
133 139
38 191
48 123
91 92
3 120
59 119
121 127
68 126
2 83
94 128
59 174
9 35
84 158
29 160
25 99
82 148
14 107
72 130
64 113
70 187
18 85
22 190
7 117
69 113
53 130
2 42
18 170
37 41
58 174
25 100
6 70
83 154
105 137
13 48
107 157
112 119
65 126
138 169
32 97
51 191
90 110
170 197
0 154
48 97
89 91
52 166
128 137
37 65
94 114
6 174
119 158
17 29
41 151
17 174
18 52
140 172
87 151
9 197
83 174
37 74
93 125
103 132
54 189
185 194
76 106
81 113
157 188
58 198
86 183
144 159
55 86
120 163
11 20
2 132
43 74
15 32
128 135
62 69
10 87
29 132
55 62
132 147
25 127
49 65
74 91
134 143
67 115
67 184
90 123
68 89
56 182
41 121
4 139
27 58
84 185
47 55
112 130
3 53
45 125
85 166
93 166
120 177
87 162
145 162
131 176
1 104
114 124
78 110
80 195
125 130
35 83
23 39
107 126
168 188
165 199
138 183
87 187
165 168
115 127
26 27
124 188
71 178
80 186
123 124
0 86
43 136
50 122
88 185
3 176
123 163
11 48
87 176
70 136
58 125
21 119
170 172
44 56
7 68
12 145
6 132
102 136
86 123
89 133
35 65
43 129
46 142
138 151
92 103
108 195
96 192
60 62
25 196
20 49
16 60
145 149
3 198
8 155
19 70
31 141
0 36
19 183
72 193
50 98
40 42
44 159
7 37
121 193
32 169
36 62
8 130
154 161
51 100
56 89
15 109
77 178
80 175
87 121
23 75
65 142
13 113
97 192
63 65
122 184
36 37
1 77
129 176
149 189
8 137
155 173
19 197
8 82
38 114
3 172
152 167
11 92
53 164
151 166
117 135
100 193
10 156
104 132
123 160
38 139
58 128
77 164
102 180
67 82
31 120
15 137
88 156
39 121
43 122
118 135
28 187
148 154
59 154
4 188
27 117
101 198
15 97
54 196
135 182
102 175
60 106
26 182
135 199
21 44
8 47
122 180
63 149
79 92
103 106
61 167
105 149
30 190
40 126
134 182
66 197
0 182
4 19
80 100
8 165
7 151
31 198
35 131
0 111
56 124
60 137
133 151
187 189
33 90
21 62
28 128
34 187
51 68
52 64
120 143
48 156
138 175
89 110
73 117
94 136
27 81
30 62
52 79
54 160
19 126
24 115
157 169
164 173
8 124
14 54
22 182
170 199
25 133
69 123
46 56
50 135
93 99
131 135
172 195
103 142
51 92
181 187
76 108
65 197
72 177
187 192
32 121
89 120
12 48
18 68
47 179
16 114
97 121
100 146
18 157
54 178
185 193
24 65
43 175
61 196
83 171
38 43
23 136
140 164
54 107
57 104
46 74
68 83
2 52
64 176
34 78
54 181
83 176
66 136
15 193
91 176
39 176
33 127
11 157
19 45
75 184
42 118
78 151
100 128
29 156
103 181
18 143
21 130
132 155
85 165
68 163
110 151
111 186
189 199
29 115
15 49
64 142
102 159
25 72
13 76
17 137
39 166
145 184
118 174
129 171
119 197
121 158
11 139
71 173
37 109
77 134
10 65
102 150
114 141
28 42
141 144
147 153
25 194
63 85
67 174
145 147
2 105
98 149
44 57
121 167
88 99
87 106
108 173
13 156
43 128
79 139
32 36
110 168
93 176
48 164
11 40
98 172
125 169
13 149
75 164
24 60
144 199
112 175
40 156
88 136
12 160
7 181
33 141
19 191
24 178
23 74
46 153
50 100
70 99
71 115
74 110
115 173
63 64
122 185
67 133
72 88
81 85
98 190
73 112
9 28
15 18
76 92
82 183
9 109
86 141
87 113
21 168
134 194
32 73
143 176
20 173
11 95
51 196
72 95
2 77
85 187
104 133
78 153
17 69
71 142
36 188
20 86
42 71
78 196
133 172
162 163
1 188
25 54
46 171
32 64
70 93
145 177
44 133
9 189
29 34
59 157
33 144
133 149
135 177
66 88
157 196
40 120
117 118
140 147
57 65
22 171
105 122
14 56
79 95
10 143
109 126
6 83
86 150
17 192
6 198
8 72
46 181
66 194
1 63
152 189
43 107
129 160
33 49
73 74
22 29
6 187
12 35
15 118
139 160
183 187
22 158
138 165
0 152
51 179
144 196
143 148
22 165
5 147
99 159
2 81
148 176
4 170
20 106
42 59
82 146
1 152
169 180
23 124
50 58
143 157
109 146
74 180
168 177
169 197
116 196
8 197
56 156
94 137
35 176
184 192
155 180
105 143
144 163
17 171
87 152
168 184
101 145
124 131
72 105
55 181
2 35
59 190
6 172
64 163
100 148
51 95
18 163
36 198
76 109
110 131
187 195
134 147
45 161
122 142
89 127
165 178
11 110
30 158
69 97
95 198
0 76
40 179
66 142
68 190
40 66
116 162
73 158
22 65
15 34
53 155
9 27
125 142
76 99
59 61
24 73
2 49
24 33
62 114
118 127
87 94
125 135
15 88
54 141
106 123
35 61
75 82
122 175
21 99
81 184
191 194
104 188
69 92
37 99
84 194
0 81
43 149
87 196
165 197
23 150
14 26
53 69
92 160
149 167
60 195
4 190
6 131
100 183
10 78
85 197
108 183
42 193
49 106
110 166
20 138
44 171
69 189
76 161
151 156
121 166
176 194
69 78
52 57
40 150
91 159
42 130
9 128
29 93
94 182
98 173
44 49
101 160
46 110
21 165
75 126
9 137
122 191
73 164
7 180
15 20
136 147
13 30
34 101
35 113
92 102
23 69
6 7
28 167
53 89
148 150
7 173
106 175
131 199
78 194
100 171
162 169
122 126
32 74
183 199
4 32
5 190
8 35
118 130
63 72
11 94
33 45
92 131
2 74
7 170
12 55
51 116
45 57
67 84
111 135
84 91
53 58
39 42
115 186
2 69
44 55
78 93
154 184
84 140
52 117
72 144
108 137
135 193
74 152
2 173
118 156
34 167
129 153
148 163
77 195
22 27
131 181
119 183
109 125
130 184
111 149
145 193
117 126
57 73
38 101
80 102
30 163
20 108
91 101
107 160
164 185
3 125
24 150
28 85
58 64
22 186
5 146
30 170
50 147
55 166
151 196
103 154
76 120
41 170
25 96
49 90
31 94
3 98
8 119
45 174
159 186
90 98
80 84
8 198
28 153
22 44
61 95
103 147
31 182
20 114
43 179
12 161
40 85
169 188
181 191
5 81
90 109
53 103
18 75
5 132
27 187
73 124
84 175
30 39
18 160
130 156
43 168
85 136
110 128
111 169
110 115
165 177
152 154
46 65
36 127
131 142
26 116
78 139
10 171
40 180
60 175
40 67
122 150
140 166
87 169
1 19
98 143
10 195
55 138
94 99
97 190
47 198
114 158
24 74
102 114
157 178
88 167
91 178
45 146
48 186
109 137
7 19
47 67
75 186
41 126
98 121
61 99
137 152
13 192
21 128
0 105
3 71
97 160
62 173
45 139
14 187
45 127
51 156
145 167
155 156
165 172
76 172
115 123
98 129
7 83
101 180
19 52
75 179
119 127
105 194
125 159
38 195
132 140
187 191
141 149
116 184
118 172
29 74
14 27
70 148
58 113
96 164
44 60
11 141
12 21
77 132
31 152
14 192
40 144
114 139
43 141
82 96
17 128
1 127
129 162
3 194
169 195
98 147
26 97
185 189
69 77
41 81
42 97
89 138
112 170
39 193
24 166
43 130
133 199
20 146
11 42
50 195
33 138
17 80
82 195
9 97
102 134
31 142
20 42
88 138
20 153
3 163
96 106
67 158
53 95
57 148
94 190
41 50
4 194
117 178
56 92
7 196
105 190
127 131
1 160
111 112
59 86
24 180
68 136
88 145
109 186
90 117
115 175
152 163
23 181
63 66
16 45
98 188
119 171
106 172
45 63
91 116
114 175
140 159
8 36
32 186
34 146
53 161
36 47
131 190
78 91
9 11
104 135
14 61
16 179
61 146
63 146
66 95
49 61
151 183
115 189
34 173
92 155
4 191
11 167
33 150
17 60
45 49
96 119
28 30
84 99
70 74
71 88
4 23
25 174
26 36
69 130
53 179
94 154
79 89
123 179
35 159
0 107
77 83
155 163
110 194
17 198
183 188
86 135
31 105
138 184
2 165
162 181
30 51
31 195
52 68
17 46
66 168
105 131
107 163
39 144
169 177
24 151
64 126
85 109
18 86
57 81
4 5
25 184
27 172
47 161
93 110
22 42
7 137
88 93
76 121
85 133
76 90
26 142
46 197
51 186
14 50
143 159
4 12
148 185
167 186
6 171
31 177
16 150
0 112
38 173
41 146
60 154
105 141
114 197
4 100
11 26
0 158
115 158
170 194
26 56
75 150
89 163
15 79
38 164
25 113
79 162
31 79
111 168
116 165
122 140
68 192
51 136
89 125
70 169
145 179
76 128
21 86
27 179
121 135
123 182
153 188
185 198
81 117
85 144
50 82
91 188
38 46
97 149
145 187
26 155
100 161
165 185
10 192
46 73
11 153
55 133
53 66
84 190
18 147
24 75
60 167
17 156
97 174
28 79
70 155
21 88
170 191
101 138
191 199
47 66
30 142
131 162
59 199
102 155
103 182
89 182
54 131
40 163
62 195
31 58
119 188
91 138
20 134
48 178
32 129
51 159
87 190
78 114
124 161
52 134
75 178
108 120
9 77
6 48
47 56
3 62
65 166
46 128
90 166
181 185
29 73
53 67
129 168
81 183
101 188
50 161
80 190
60 173
34 86
91 107
13 66
14 112
63 86
28 84
16 57
36 52
3 197
104 183
104 172
6 120
86 127
3 189
9 134
63 95
28 83
57 146
64 150
100 167
34 104
1 174
3 21
138 154
13 116
75 112
38 68
22 130
116 150
118 182
16 55
59 139
8 134
121 182
104 154
71 149
38 157
5 108
12 146
34 99
40 134
24 181
25 41
0 49
70 102
20 161
39 71
115 174
152 164
122 196
32 164
34 152
94 166
81 147
104 129
80 154
13 21
60 80
140 152
67 143
16 37
53 160
4 177
98 180
10 107
55 98
60 111
84 101
90 140
105 118
69 152
148 166
12 40
108 116
10 18
12 191
107 180
111 142
39 157
24 138
26 178
71 91
2 171
23 195
47 146
105 127
123 178
106 134
33 174
36 173
5 64
82 159
58 61
31 106
108 130
0 27
64 120
14 33
71 80
148 197
39 107
44 118
63 97
117 158
101 193
127 175
48 153
84 114
90 153
22 184
80 95
43 101
50 145
124 136
53 132
131 157
6 177
106 136
127 199
38 171
130 136
170 183
13 50
18 63
22 192
26 143
140 187
90 96
30 78
57 89
96 140
48 111
50 136
16 120
167 181
103 141
16 151
0 113
76 113
72 142
55 95
189 191
109 136
22 74
167 178
172 191
170 185
19 139
58 178
109 120
184 185
120 161
80 117
122 141
89 124
76 129
96 154
5 139
10 198
37 117
77 158
143 193
84 176
37 198
77 111
60 169
49 67
93 175
45 151
122 148
27 139
36 96
94 97
78 144
83 199
103 184
117 129
79 179
65 171
10 35
102 112
87 160
21 103
170 188
25 156
44 72
83 95
37 103
41 124
54 128
23 37
82 108
85 161
14 103
116 179
189 195
181 186
51 158
1 99
68 77
15 61
37 96
66 103
47 59
105 192
15 162
20 31
193 199
59 76
32 42
116 186
9 155
69 177
73 182
44 62
27 158
83 109
124 185
41 110
5 112
114 137
49 111
38 75
44 166
9 156
48 161
16 58
145 151
2 101
95 159
79 113
117 174
106 177
56 80
86 124
24 168
45 99
67 155
32 151
23 196
73 160
57 145
152 198
3 54
125 168
46 154
70 108
96 188
118 183
32 174
41 48
9 31
123 169
16 71
15 17
19 82
9 104
125 161
59 104
