100 796 2
26 47
5 31
53 69
58 87
28 41
17 20
13 70
5 57
63 72
14 74
23 26
72 92
72 89
51 74
65 84
38 40
12 59
8 44
0 11
20 75
32 57
48 59
68 92
23 95
21 59
4 5
2 53
5 24
59 71
60 79
75 97
6 23
21 37
2 47
29 37
64 90
16 38
46 66
54 87
48 86
45 74
78 89
79 85
6 67
3 95
36 55
35 41
17 57
30 69
65 71
9 19
55 71
91 96
49 51
21 90
0 14
90 99
23 84
58 72
80 85
10 92
25 92
36 74
35 86
62 84
30 61
11 46
41 80
6 58
4 94
49 82
13 44
62 66
77 88
24 28
5 70
38 60
66 84
58 96
64 76
83 99
16 88
64 98
57 81
43 80
24 40
37 93
27 53
47 62
4 17
37 77
5 20
11 65
3 60
6 27
34 59
7 34
22 30
26 85
30 66
16 42
38 93
3 77
77 81
38 55
12 62
4 99
56 96
19 84
20 78
44 67
22 76
63 95
68 87
45 83
19 32
2 56
63 73
11 27
24 94
81 83
54 56
13 68
5 39
33 47
31 40
54 82
1 70
31 39
26 70
64 95
39 47
62 92
7 70
49 56
21 95
13 18
0 9
0 69
46 73
18 84
65 98
81 89
86 95
13 99
81 84
2 45
7 16
55 58
62 83
9 37
16 24
54 85
25 49
34 39
17 37
25 67
9 15
75 95
65 72
30 75
44 49
55 65
45 52
10 22
44 79
47 66
12 96
9 98
87 98
0 38
31 61
61 98
14 77
1 39
6 12
32 60
22 35
11 74
33 57
36 82
2 94
11 32
16 53
8 27
28 70
9 26
56 73
55 94
8 97
61 66
42 82
68 76
66 76
8 71
32 85
32 93
5 8
58 84
89 90
73 97
4 19
3 82
59 77
81 88
30 42
13 73
11 89
27 67
16 44
6 51
1 67
65 87
77 79
38 53
3 85
10 24
15 29
39 48
0 30
42 93
1 31
15 59
0 52
46 68
20 63
71 77
90 98
80 91
43 97
32 74
22 61
5 27
12 74
9 88
10 86
73 76
86 94
34 48
0 64
13 66
48 74
9 34
73 86
36 46
1 68
8 9
7 51
29 66
25 85
75 88
38 44
17 68
90 95
76 84
41 78
48 63
54 63
21 93
56 79
19 69
7 94
33 83
46 79
36 97
19 43
52 59
35 69
0 33
9 65
40 46
72 97
36 79
28 60
8 42
32 39
3 50
25 65
36 85
13 85
52 86
77 95
90 91
4 83
49 93
31 69
44 51
55 67
46 58
22 92
88 91
33 84
12 98
25 62
15 55
21 64
4 8
19 48
0 56
24 37
61 96
49 65
28 59
34 66
61 79
33 63
3 72
30 33
2 92
48 94
16 55
12 37
1 72
18 53
14 23
19 83
73 77
41 66
56 69
14 57
29 60
19 57
3 26
10 67
4 29
19 31
34 93
32 53
14 69
29 51
23 61
81 94
4 59
17 21
32 43
29 45
26 81
24 65
75 79
72 91
30 50
78 81
52 84
18 44
12 58
52 97
76 95
7 69
5 85
66 69
17 91
21 82
29 88
87 96
14 42
18 89
10 74
45 79
43 99
5 25
53 63
50 97
23 58
49 61
8 37
7 23
31 42
55 57
35 47
27 90
30 53
45 97
34 40
49 64
49 69
78 88
29 64
41 44
3 92
4 86
2 98
30 68
13 52
19 97
16 74
86 99
30 46
24 58
53 77
58 75
43 88
71 98
87 95
15 89
7 12
48 67
3 52
9 41
25 71
72 73
10 46
48 89
9 51
96 99
12 40
36 61
8 24
18 56
5 71
38 63
91 99
56 88
20 70
14 52
25 60
39 95
21 78
45 65
47 51
0 58
81 98
28 50
27 50
60 92
21 40
40 56
80 97
34 64
22 39
62 94
59 72
4 62
2 90
41 45
31 38
48 80
11 36
27 78
56 78
41 99
40 54
3 74
4 68
51 68
7 57
31 76
43 57
22 85
56 85
15 50
12 27
1 26
13 26
31 70
43 86
20 60
29 32
15 36
86 97
26 44
0 87
14 75
20 26
6 29
15 75
54 59
28 42
31 47
29 43
14 93
54 93
10 58
2 79
17 45
7 54
38 41
76 89
6 99
21 80
0 8
33 94
23 94
45 88
34 82
35 64
79 80
10 82
23 52
28 33
8 39
62 82
24 74
1 88
2 70
17 38
50 76
28 80
11 40
35 55
18 37
10 15
2 96
64 80
13 50
18 63
54 96
1 20
66 90
49 50
0 15
14 51
83 84
64 84
16 98
19 47
38 71
35 73
24 34
27 63
1 32
23 77
62 80
2 39
8 46
11 75
24 81
25 69
40 43
1 81
52 75
13 81
1 75
8 26
13 43
28 69
20 90
76 79
18 54
14 16
45 46
16 67
52 56
21 98
41 75
18 73
58 80
56 64
19 52
40 57
20 55
60 94
78 92
0 82
12 82
27 42
33 51
25 78
6 24
39 74
48 82
29 80
26 82
6 50
10 49
37 39
5 78
12 63
64 68
19 87
11 18
0 29
66 70
58 91
15 82
34 89
35 93
5 28
33 52
21 25
86 89
34 51
31 41
1 55
73 80
76 98
53 94
49 67
13 93
78 85
63 71
25 99
3 91
40 82
17 69
76 91
7 65
23 98
49 63
22 68
43 65
33 92
91 95
47 68
18 85
23 88
34 80
72 87
20 35
62 78
1 45
72 96
28 35
22 41
62 74
11 84
3 51
27 94
16 25
28 82
79 86
18 35
81 87
30 72
77 92
5 90
6 88
61 89
16 78
17 80
22 95
43 70
83 95
3 12
18 76
57 95
8 65
32 84
43 92
32 71
15 52
71 94
87 91
48 71
3 83
6 39
10 42
15 67
50 69
5 50
34 61
42 47
16 54
6 57
54 71
1 73
7 60
31 67
37 60
42 73
14 22
6 83
16 69
17 73
60 89
20 66
57 90
15 61
19 54
44 93
33 64
14 34
20 49
47 59
4 28
37 74
26 33
14 68
53 55
27 44
29 46
18 21
12 35
49 72
7 53
77 78
42 48
17 66
39 51
13 60
29 98
90 96
47 83
1 30
54 72
22 67
44 84
7 96
62 99
2 55
22 50
20 38
27 37
22 23
36 65
28 38
8 36
32 33
48 75
61 71
76 97
31 44
87 99
30 52
36 47
43 90
11 55
35 50
42 59
75 91
40 71
4 85
17 59
17 93
43 67
7 89
83 88
68 89
10 57
19 42
35 68
10 93
14 86
70 83
23 48
61 64
2 40
63 87
61 75
11 86
3 53
4 54
31 62
87 89
11 44
35 59
51 67
36 60
10 11
15 91
13 46
77 90
38 62
41 50
10 21
56 87
83 97
47 79
12 99
86 88
2 9
41 98
46 57
70 74
9 73
60 67
25 39
21 41
45 92
26 36
33 70
9 83
6 37
36 93
2 93
7 32
22 24
9 53
6 63
17 53
78 79
18 50
25 30
4 97
81 92
20 76
26 27
42 81
46 94
40 97
58 92
24 45
70 77
23 70
15 37
45 85
28 51
