30 239
6 9
10 17
7 12
11 28
26 28
0 7
16 28
13 17
2 22
1 6
0 10
23 26
3 7
2 5
16 19
3 24
6 7
4 19
19 29
17 20
6 10
17 24
10 18
25 26
15 20
6 25
1 28
0 4
16 25
2 27
18 20
8 15
9 14
15 18
10 13
8 21
14 24
4 16
19 24
10 24
9 16
15 29
5 21
11 21
24 29
7 22
2 17
14 16
17 18
3 12
19 23
23 28
4 15
2 11
16 18
5 14
10 14
6 13
5 27
4 21
11 15
7 8
21 24
17 25
16 17
1 21
12 27
17 29
22 26
3 11
1 15
4 12
2 12
8 28
14 22
6 14
0 21
7 15
6 29
17 21
20 21
1 16
12 24
2 23
1 5
0 11
3 6
1 10
3 27
8 25
14 28
9 20
14 19
10 19
0 18
7 18
11 26
16 23
13 19
12 29
4 11
3 5
2 7
5 10
4 6
3 22
18 22
8 22
4 17
19 27
15 28
6 20
5 20
20 28
7 17
11 25
0 2
16 26
13 22
3 15
14 18
8 13
4 8
2 8
5 13
9 29
14 26
5 26
4 22
19 22
7 11
5 23
0 28
7 20
12 20
2 19
1 25
17 28
16 22
13 25
8 10
9 11
8 29
25 28
3 16
9 24
15 17
20 27
11 13
25 29
21 26
12 14
1 23
0 25
17 23
13 15
12 25
2 20
1 4
0 12
13 28
3 9
1 9
26 27
3 26
2 14
14 29
9 27
15 24
6 8
20 24
27 28
15 21
21 29
18 19
1 18
0 6
16 27
2 25
0 9
23 27
19 21
9 12
5 9
8 23
5 6
4 18
19 26
24 26
5 19
20 29
11 23
10 21
25 27
12 16
11 24
1 29
0 3
16 24
13 21
3 14
20 22
18 23
24 25
4 9
5 12
18 29
4 23
7 10
6 22
5 22
11 18
10 22
7 23
27 29
13 24
3 13
8 11
15 23
9 10
4 25
8 17
6 12
19 20
10 28
0 23
7 9
1 22
0 26
7 26
13 14
12 26
2 21
1 27
0 13
1 8
3 29
2 15
18 28
