100 798 2
35 88
11 68
24 92
65 97
39 70
36 68
8 63
29 44
9 62
78 84
39 92
61 82
53 99
0 98
31 74
5 74
40 66
53 64
15 30
44 56
1 28
22 65
65 95
43 76
46 75
86 90
71 74
8 87
2 53
53 62
9 93
8 38
27 93
16 38
39 85
4 73
31 82
34 41
19 93
16 60
43 52
49 89
28 77
11 15
77 95
48 50
17 83
95 97
22 88
44 77
7 91
18 81
56 90
23 84
87 96
0 36
67 72
57 60
59 91
21 46
8 45
22 45
7 55
7 37
65 84
6 58
36 79
49 82
37 63
20 89
55 92
47 99
10 19
17 84
50 51
42 96
55 80
64 98
45 64
85 89
0 59
5 10
45 90
28 54
2 33
61 87
59 75
24 87
2 91
5 62
79 91
26 85
9 59
42 43
23 31
12 32
41 54
65 81
18 48
74 85
14 26
3 83
10 26
39 54
19 84
11 19
40 99
1 25
58 90
2 30
85 98
0 50
51 57
8 82
62 70
59 64
23 62
6 18
4 38
41 95
11 92
35 43
9 60
73 80
36 44
1 70
41 63
70 75
28 90
11 50
74 92
5 72
6 78
53 78
15 24
13 56
3 63
48 61
49 96
12 19
67 82
78 96
2 25
41 82
24 54
15 44
45 76
26 52
0 47
13 99
20 34
12 71
60 73
4 45
2 45
49 99
32 37
59 63
23 45
30 56
4 75
10 34
2 71
17 37
7 46
63 93
37 42
33 76
18 34
53 87
65 72
39 87
29 30
77 93
48 52
40 81
17 81
44 79
1 13
23 86
15 53
4 14
43 93
32 70
14 90
61 98
71 95
59 94
57 66
4 20
87 88
62 75
29 60
3 57
9 46
40 44
4 50
52 84
48 92
16 53
8 27
46 86
24 30
6 82
30 84
79 96
44 70
47 75
68 76
60 97
66 76
74 96
43 82
74 82
70 90
25 43
6 7
73 97
19 29
53 86
26 32
32 51
62 93
42 99
37 85
17 23
7 28
22 28
35 36
9 57
12 34
17 76
31 73
78 83
59 83
13 61
19 86
7 75
33 96
1 31
30 97
85 96
41 57
60 86
67 91
19 34
2 54
22 61
70 91
12 74
60 76
30 45
36 64
37 94
61 63
63 72
55 63
11 94
27 88
38 74
30 55
36 46
1 68
7 51
31 54
11 52
0 94
16 57
40 70
17 68
39 41
7 64
12 13
36 65
1 16
58 99
19 69
33 83
3 6
38 77
58 77
21 71
52 59
67 97
3 44
55 90
60 75
25 95
89 91
67 76
4 47
34 75
6 45
10 32
8 48
50 75
13 85
28 83
79 81
60 85
90 91
8 55
64 83
37 50
58 69
24 25
55 67
38 57
5 15
30 83
22 92
5 99
50 82
69 95
57 94
58 59
45 67
61 72
23 78
46 84
26 39
7 11
12 86
33 63
53 94
39 78
36 92
17 28
50 66
13 78
9 54
51 66
16 55
6 62
3 72
36 58
1 72
27 98
5 66
15 62
1 98
16 70
8 99
39 53
79 98
12 25
16 92
11 24
19 57
2 3
14 35
27 84
18 94
1 62
57 90
14 69
20 24
3 32
27 47
6 31
61 77
49 79
41 58
65 85
74 81
89 95
32 68
52 97
15 22
11 23
46 96
88 97
13 21
2 26
43 99
35 94
0 44
14 76
3 41
59 68
10 84
23 58
81 87
73 89
54 60
37 92
34 78
0 66
63 74
35 47
11 69
60 61
50 78
63 80
42 56
49 90
39 43
49 80
0 23
25 99
14 45
58 75
87 97
26 48
71 98
9 71
60 69
25 93
21 47
4 41
87 95
8 44
0 89
48 67
61 95
27 83
16 28
73 93
36 87
70 76
14 99
40 79
17 51
69 98
5 71
33 40
67 95
56 88
7 81
14 52
12 28
35 76
24 39
14 94
20 53
71 91
10 70
21 40
34 64
1 35
3 61
27 40
24 86
81 91
51 77
51 94
34 58
17 18
50 64
22 25
48 80
5 16
18 25
23 28
40 54
4 68
51 68
65 82
37 57
77 82
5 64
59 79
4 98
67 68
30 88
56 95
44 66
0 27
60 74
16 94
17 96
34 97
24 46
51 54
25 47
58 71
21 49
80 88
32 55
63 97
14 75
29 49
30 46
86 91
37 81
31 47
24 67
6 55
73 81
1 71
0 99
67 77
44 57
41 73
6 99
12 18
23 96
24 53
10 72
15 45
64 92
85 86
22 49
9 92
1 47
23 52
10 80
29 36
27 92
16 39
79 95
8 13
29 94
47 73
53 84
17 56
62 66
19 99
6 90
29 68
27 68
67 88
21 89
22 89
2 19
46 83
33 94
4 13
2 13
26 62
59 93
9 69
10 93
28 56
48 69
20 22
23 43
63 91
11 33
9 49
31 35
13 43
77 87
42 75
55 95
6 93
15 21
55 76
42 85
46 90
47 72
18 73
58 80
13 31
56 59
64 74
33 66
5 9
35 84
29 54
12 82
27 38
32 40
48 82
35 37
40 56
36 38
65 80
77 80
42 50
89 90
6 84
15 18
13 62
19 87
7 72
33 97
2 31
67 98
48 96
51 56
8 83
5 28
20 36
25 87
85 90
21 25
63 73
33 46
30 54
36 45
10 56
13 93
74 93
16 56
30 65
29 31
19 92
20 86
41 79
42 71
5 81
52 62
78 97
91 95
3 7
59 98
70 87
35 66
32 64
22 55
70 93
1 45
53 91
21 34
37 88
15 92
32 38
48 64
33 39
73 88
4 52
51 84
28 82
29 92
25 84
3 64
42 78
51 96
66 88
56 85
37 40
33 85
14 49
27 41
18 76
1 12
77 81
3 18
5 79
42 72
40 47
47 50
2 37
26 38
48 71
11 77
8 54
7 38
31 37
11 35
9 55
10 52
49 87
41 50
64 67
24 31
5 67
38 51
17 73
19 80
0 24
42 83
20 78
8 72
22 72
34 98
32 94
20 49
16 30
60 88
21 52
35 86
14 68
61 84
12 76
4 58
2 86
3 39
27 66
23 24
12 35
65 86
20 99
14 25
6 74
15 28
13 60
29 98
48 57
88 96
66 68
0 53
46 69
20 56
32 82
26 40
0 43
46 47
62 68
4 33
32 33
31 43
48 75
11 81
27 91
33 44
16 36
30 52
51 81
2 75
31 49
78 91
26 69
18 38
43 50
17 59
19 94
20 80
41 77
55 69
17 93
29 85
18 83
21 70
18 26
0 34
42 79
46 54
70 83
58 68
10 94
35 73
8 43
29 32
62 86
34 65
16 27
6 34
39 80
52 72
17 26
7 43
14 98
79 80
26 76
40 78
3 66
10 11
15 98
65 90
42 58
42 76
47 97
10 21
81 83
49 54
39 63
20 69
86 88
15 54
21 79
4 9
44 96
20 52
71 88
9 73
57 71
80 96
7 10
22 38
5 22
61 89
9 83
38 69
51 95
15 77
79 89
61 74
42 45
23 29
12 38
14 20
25 28
44 65
41 65
12 26
18 69
69 71
66 75
21 72
22 78
89 97
3 29
1 61
57 72
8 80
21 50
