40 136
15 27
14 17
3 35
25 31
7 12
33 36
10 18
15 20
0 4
16 25
34 36
8 15
2 6
15 34
3 23
20 32
9 16
5 21
10 23
6 26
5 34
1 31
23 28
4 15
2 11
9 30
25 33
2 37
26 38
6 16
1 26
0 14
7 38
13 26
17 34
4 12
14 22
25 30
21 27
12 24
1 5
1 38
19 28
9 20
5 17
21 30
0 5
7 31
10 32
3 5
2 7
18 32
19 27
22 32
15 28
5 20
0 31
5 33
11 25
16 39
16 26
2 29
8 13
4 8
28 29
19 37
10 15
8 19
17 22
35 39
7 11
6 36
29 39
2 19
9 33
22 27
8 10
3 31
2 13
9 11
9 24
11 13
21 26
17 23
0 12
18 28
14 35
3 26
2 14
4 29
1 35
24 29
5 16
10 16
1 18
0 6
12 36
10 33
3 4
2 4
9 12
4 7
10 11
20 34
19 26
9 22
10 21
30 37
11 24
9 37
0 3
7 29
3 14
23 30
13 36
20 39
7 10
11 18
0 29
1 24
12 38
0 38
13 39
19 35
0 23
12 15
11 17
8 34
21 22
2 21
0 13
13 27
3 8
17 35
14 32
21 37
