20 159 1
6 9
10 17
7 12
14 17
13 17
1 6
0 10
3 7
2 5
1 11
5 8
4 19
6 10
5 18
10 18
0 17
7 19
0 4
8 15
17 18
2 6
9 14
15 18
5 11
4 5
10 13
4 16
9 16
14 15
16 19
2 17
14 16
0 1
3 12
1 12
8 12
4 15
2 11
5 14
14 18
3 18
10 14
8 18
6 13
7 8
6 16
11 16
0 14
1 15
4 12
15 19
3 17
6 14
7 15
12 13
1 16
13 16
1 5
0 11
1 10
6 11
5 17
10 19
0 18
7 18
12 18
1 19
0 5
13 19
0 8
4 11
3 5
2 7
9 13
4 6
15 16
5 7
4 17
7 17
14 19
0 2
3 15
1 3
8 13
4 8
2 8
5 13
10 15
8 19
9 18
7 11
6 17
11 19
16 17
2 19
0 15
3 10
1 14
8 10
2 13
9 11
3 16
6 15
11 13
7 14
6 18
12 14
3 9
2 3
1 9
6 8
10 16
0 19
7 13
12 19
1 18
0 6
13 18
0 9
3 4
2 4
9 12
5 9
4 7
10 11
4 18
5 19
0 16
7 16
12 16
3 14
1 2
4 9
2 9
9 15
5 12
10 12
9 17
7 10
11 18
2 16
3 13
1 13
8 11
4 14
2 10
5 15
3 19
8 17
6 12
11 12
7 9
6 19
12 15
11 17
0 13
3 8
1 8
2 15
