40 125 1
6 9
6 35
0 10
23 26
0 30
3 7
19 29
9 21
15 30
6 10
16 22
6 25
1 28
12 34
4 5
25 38
10 23
8 38
1 31
3 12
2 28
2 11
0 39
14 21
26 38
7 8
5 37
1 26
16 35
18 26
8 9
4 12
3 28
0 36
15 36
6 14
0 21
12 13
1 16
7 37
13 29
1 10
0 33
14 19
3 33
16 23
2 24
23 24
1 25
2 7
18 32
3 22
24 25
5 20
28 33
10 20
0 31
7 17
5 33
24 27
16 39
18 37
15 32
3 21
8 19
4 22
2 34
11 19
2 19
9 33
16 36
10 38
4 13
2 13
18 38
20 34
8 16
20 27
7 14
7 27
12 25
13 28
17 34
5 16
0 19
15 21
11 29
26 31
13 31
2 4
8 23
4 18
15 22
22 37
7 16
6 24
5 32
1 29
7 29
22 31
3 14
28 30
2 9
18 34
5 12
3 20
5 25
11 18
9 32
31 39
8 11
14 39
24 35
13 39
25 30
20 36
3 36
15 17
22 35
24 32
26 27
1 27
17 30
17 35
15 37
