40 128 1 1
24 30
6 9
37 39
20 25
6 28
21 28
16 28
6 35
23 26
4 19
26 32
24 27
14 18
5 18
11 22
0 17
7 19
9 36
7 28
13 20
10 35
28 31
10 13
19 24
2 32
6 23
5 21
23 38
0 1
17 39
8 31
5 14
8 18
3 39
6 16
11 16
22 23
30 32
16 35
31 37
17 34
2 12
9 25
15 23
1 16
12 24
1 5
13 29
3 27
32 33
26 33
6 11
11 26
0 5
22 29
0 8
23 24
4 11
14 25
10 25
5 20
10 20
30 36
7 34
28 37
2 29
6 10
4 8
13 37
2 34
4 33
7 20
29 39
16 22
8 10
2 13
5 29
19 21
0 22
8 33
7 27
12 25
1 4
17 31
13 28
3 9
3 26
0 26
3 32
0 6
7 30
21 38
27 30
13 33
5 9
19 26
36 39
21 35
12 16
0 3
1 2
36 38
18 34
13 36
29 31
1 36
27 36
15 18
5 22
4 34
12 21
17 19
4 14
0 38
15 38
19 20
2 36
7 15
12 15
8 34
16 31
13 14
9 35
14 32
2 15
15 37
26 29
19 30
