20 156
6 9
10 17
7 12
1 17
0 7
13 17
1 6
0 10
3 7
2 5
1 11
5 8
4 19
6 10
5 18
10 18
0 17
12 17
0 4
8 15
2 6
15 18
5 11
4 5
10 13
9 16
14 15
16 19
2 17
14 16
0 1
3 12
1 12
4 15
2 11
5 14
3 18
10 14
8 18
6 13
11 15
9 19
7 8
6 16
11 16
2 18
0 14
3 11
1 15
8 9
4 12
15 19
3 17
6 14
7 15
12 13
1 16
13 16
1 5
0 11
3 6
1 10
6 11
5 17
10 19
7 18
12 18
0 5
0 8
4 11
3 5
2 7
5 10
4 6
15 16
5 7
4 17
7 17
14 19
0 2
1 3
8 13
4 8
2 8
5 13
10 15
8 19
11 14
9 18
7 11
6 17
16 17
0 15
1 14
4 13
2 13
9 11
3 16
8 16
6 15
11 13
7 14
12 14
1 4
0 12
3 9
1 9
2 14
6 8
5 16
10 16
7 13
12 19
1 18
0 6
13 18
15 17
0 9
3 4
2 4
9 12
5 9
4 7
10 11
4 18
18 19
7 16
12 16
0 3
3 14
1 2
8 14
2 9
9 15
5 12
10 12
9 17
7 10
2 16
3 13
1 13
8 11
4 14
2 10
9 10
3 19
8 17
6 12
7 9
6 19
12 15
11 17
13 14
0 13
3 8
2 15
